19,583	3346
20,263	3114
20,325	3554
26,800	4642
29,470	4669
26,610	4888
30,678	5710
27,170	5536
25,853	4168
24,500	3547
24,274	3,159.00
27,170	3,621.00
30,168	3,782.00
26,525	4,247.00
27,360	3,982.00
21,690	3,568.00
21,974	3,155.00
20,816	3,059.00
18,095	2,967.00
20,939	3,285.00
22,644	3,914.00
22,795	3366
21,570	2920
22,080	2980
22,250	3731
20,940	2853
21,800	2533
22,934	2729
18,443	2305
19,538	2642
20,460	3124
21,419	2752
25,160	3429
22,482	3947
20,969	2509
27,224	5440
25,892	4042
22,644	3402
24,640	2829
22,341	2297
25,610	2932
26,015	3705
