Year,Defense Budget Outlays,GNP,US Military Sales,Aerospace Industry Sales,Conflicts(100K+)
1962,51.1,560.3,0.6,16,0
1963,52.3,590.5,0.9,16.4,0
1964,53.6,632.4,1.1,16.7,0
1965,49.6,684.9,1.4,17,1
1966,56.8,749.9,1.6,20.2,1
1967,70.1,793.9,1,23.4,1
1968,80.5,865,0.8,25.6,1
1969,81.2,931.4,1.5,24.6,1
1970,80.3,992.7,1,24.8,1
1971,77.7,1077.60,1.5,21.7,1
1972,78.3,1185.90,2.95,21.5,1
1973,74.5,1326.40,4.8,24.3,0
1974,77.8,1434.20,10.3,26.8,0
1975,85.6,1549.20,16,29.5,0
1976,89.4,1718.00,14.7,30.4,0
1977,97.5,1918.30,8.3,33.3,0
1978,105.2,2163.90,11,38,0
1979,117.7,2417.80,13,46.2,0
1980,135.9,2633.10,15.3,57.6,0
1981,162.1,2937.70,18,68.9,0
